test_acc:0.7541927948504983, recall:0.643165040743986, f1_score:0.6720063258568663
test_acc:0.8544568428681678, recall:0.7897369369595102, f1_score:0.8159808942646471
